24
0 91 70 10 33 96 5 56 11 90 80 60 51 69 90 96 67 51 50 67 57 56 67 65 
6 0 28 14 78 54 18 34 58 30 5 28 45 29 29 6 38 75 13 45 77 70 54 90 
65 67 0 58 81 10 9 26 40 7 88 65 45 47 93 22 95 94 56 87 54 2 59 91 
54 11 85 0 85 36 86 24 22 74 84 15 29 64 75 86 97 75 77 40 91 11 61 12 
24 55 10 31 0 81 16 45 89 78 59 99 85 67 34 43 42 13 13 100 63 64 83 34 
5 49 60 93 46 0 43 63 63 70 2 48 4 98 15 19 51 85 17 53 94 99 39 22 
80 82 71 100 86 46 0 87 100 100 12 62 74 14 75 77 89 74 95 30 95 27 13 73 
74 71 10 9 97 45 71 0 65 97 42 41 44 55 13 14 37 76 68 88 55 54 17 41 
69 55 93 78 93 79 100 20 0 86 3 5 60 26 6 95 25 33 91 16 7 11 21 77 
67 80 58 6 13 82 95 44 77 0 14 98 100 45 7 70 97 7 11 99 29 31 72 53 
52 2 46 47 70 73 30 94 38 51 0 26 88 99 64 69 82 34 100 30 65 84 51 28 
28 29 14 57 96 32 82 91 34 17 20 0 98 13 85 61 87 4 49 31 12 22 6 51 
41 90 83 36 15 6 43 88 79 74 93 29 0 49 70 13 75 62 4 85 89 67 79 80 
61 75 93 93 51 26 25 99 16 98 52 52 67 0 94 81 60 8 22 52 55 57 70 37 
17 2 98 8 80 23 18 74 91 59 21 69 47 7 0 7 97 63 1 40 92 96 51 7 
91 56 99 19 93 70 80 55 19 99 85 55 81 87 96 0 2 5 99 9 95 93 81 44 
17 49 57 48 2 57 31 34 49 12 33 14 71 90 58 3 0 87 47 27 81 53 16 21 
22 25 13 27 62 95 84 61 52 2 66 89 96 93 51 34 6 0 2 23 6 71 81 90 
100 43 43 59 45 14 16 96 54 71 9 85 11 38 62 87 19 41 0 63 3 76 81 22 
4 44 45 64 48 99 87 23 66 3 30 83 100 10 5 7 94 59 58 0 67 15 32 84 
68 70 5 33 20 61 81 75 2 1 61 6 60 17 81 79 7 13 39 82 0 19 21 25 
72 24 78 99 47 95 99 48 18 93 88 41 38 45 79 12 81 16 53 81 29 0 94 32 
67 29 78 52 37 30 51 82 2 36 1 67 66 18 77 14 30 55 17 94 71 6 0 65 
2 85 1 83 26 61 34 94 37 49 82 52 27 60 49 30 85 66 82 75 74 48 34 0 
