19
0 55 97 8 67 65 28 7 27 37 71 89 90 6 34 80 100 66 66 
75 0 88 19 17 75 32 20 73 15 31 41 55 48 10 94 6 76 1 
52 68 0 48 38 88 59 19 49 66 88 21 90 25 24 83 1 64 24 
45 17 68 0 27 22 67 11 22 22 47 64 11 2 39 76 48 8 22 
17 70 41 60 0 40 49 27 65 60 47 26 55 49 93 25 95 19 64 
45 10 43 48 18 0 28 74 17 35 70 60 87 63 49 83 20 91 10 
33 26 26 31 71 58 0 22 54 51 15 57 76 39 76 44 12 43 70 
79 54 84 4 61 14 2 0 59 81 66 31 68 17 79 21 87 75 46 
10 58 33 69 50 79 72 15 0 49 22 56 22 89 19 5 3 6 87 
86 28 64 60 95 5 57 82 44 0 51 80 23 57 16 85 19 34 70 
62 60 35 84 89 7 28 54 26 48 0 65 9 8 63 54 94 15 15 
97 46 45 35 44 74 94 51 84 63 20 0 20 10 92 6 59 1 7 
87 43 52 90 38 69 82 51 41 95 55 66 0 59 100 41 85 99 75 
95 28 10 74 64 58 62 13 24 3 4 67 86 0 52 54 81 65 8 
9 81 44 57 10 60 27 26 36 54 9 2 42 25 0 27 93 17 57 
98 20 44 63 52 35 82 33 7 39 59 77 50 90 95 0 76 68 70 
11 5 86 24 58 70 44 89 83 46 75 13 39 55 17 51 0 18 70 
14 89 69 97 2 72 55 100 67 79 87 39 65 84 52 19 86 0 75 
36 31 18 90 18 41 55 32 36 77 78 38 88 9 7 59 29 86 0 
