25
0 2 68 100 85 44 42 8 87 28 22 32 49 26 9 65 38 59 16 75 64 67 31 81 27 
9 0 65 4 71 99 98 86 83 40 41 44 67 21 16 84 82 83 100 67 80 2 61 66 98 
59 98 0 38 40 30 33 14 61 56 74 8 49 6 100 40 7 9 27 100 47 89 40 19 51 
75 58 40 0 95 48 74 78 33 30 2 2 81 61 81 96 87 34 30 90 23 99 9 49 73 
100 42 13 88 0 76 82 59 70 67 23 93 70 26 11 78 10 35 26 94 64 87 51 56 82 
70 29 59 61 57 0 11 82 30 49 71 95 14 7 30 77 56 3 90 32 4 2 80 94 99 
51 4 12 56 97 3 0 6 1 25 31 91 90 89 5 27 40 5 24 26 38 1 48 93 33 
40 85 71 54 27 73 73 0 48 65 31 22 50 73 45 78 2 45 97 33 98 30 43 27 35 
27 50 57 64 7 56 19 96 0 77 35 24 99 86 98 53 42 73 71 93 25 62 70 92 21 
85 81 3 58 12 89 44 55 20 0 61 14 87 31 50 83 50 22 64 8 12 58 79 20 77 
56 52 65 58 1 48 19 99 45 12 0 51 6 27 91 92 15 98 70 83 56 11 79 100 74 
35 96 78 53 15 88 83 52 65 33 82 0 77 92 36 21 52 38 43 34 97 96 82 4 35 
23 19 93 82 47 5 39 89 49 51 92 9 0 93 13 70 44 100 44 55 37 30 7 72 35 
87 64 80 80 66 36 4 12 67 50 76 30 97 0 42 88 18 43 21 44 88 53 90 61 100 
73 9 33 83 7 43 73 81 92 97 81 27 50 86 0 63 82 44 6 32 92 15 16 55 30 
74 22 31 92 86 8 23 45 41 18 36 82 8 18 8 0 89 34 93 4 96 82 72 43 20 
52 58 64 47 53 5 36 33 77 10 85 78 12 65 10 43 0 35 28 84 95 12 47 80 76 
36 71 19 46 32 23 58 11 30 16 45 100 53 68 10 42 64 0 69 46 61 12 47 64 29 
35 27 37 5 27 97 50 89 34 17 96 83 60 45 41 14 95 83 0 20 46 21 44 46 78 
63 84 17 46 93 84 42 83 66 72 22 53 25 18 95 57 76 14 76 0 76 88 96 12 26 
10 63 34 6 92 27 32 72 7 69 44 64 91 94 92 91 27 81 5 71 0 3 41 9 80 
87 78 2 16 34 50 10 54 15 92 70 87 27 88 8 93 79 41 37 33 39 0 7 81 78 
67 7 52 78 52 46 12 97 70 89 60 52 10 61 97 11 31 37 15 26 49 15 0 66 20 
71 81 81 97 64 69 95 79 8 35 68 23 61 97 74 89 42 27 96 23 90 100 15 0 85 
84 37 24 46 10 12 22 2 88 100 60 25 18 75 4 99 88 15 61 73 13 38 49 79 0 
