23
0 35 55 31 40 88 86 13 38 37 93 75 2 56 14 77 32 97 1 12 54 100 35 
89 0 30 53 23 80 11 46 36 10 53 53 87 45 76 49 2 30 55 11 1 48 81 
12 88 0 31 84 42 6 11 60 90 44 38 86 19 97 67 81 64 8 36 49 26 35 
71 15 42 0 95 88 36 74 59 42 21 26 74 71 21 45 95 77 5 99 23 83 17 
1 17 47 40 0 55 28 9 94 22 19 95 40 78 97 86 8 1 40 2 9 57 46 
62 73 78 12 70 0 41 96 15 80 45 96 96 16 92 24 100 31 98 16 43 79 36 
22 64 37 20 73 22 0 70 39 90 10 50 86 55 13 78 24 44 92 1 12 3 84 
66 81 35 91 28 83 88 0 16 77 96 97 21 71 8 78 35 60 1 68 30 32 98 
58 99 57 41 29 58 2 11 0 31 52 57 18 75 97 2 62 32 29 79 41 20 47 
33 24 11 19 46 27 24 64 89 0 63 83 17 63 57 92 74 88 89 63 73 49 89 
89 42 74 99 73 50 71 2 26 87 0 87 44 8 88 70 87 50 70 80 21 95 56 
16 1 35 99 41 84 88 41 66 8 12 0 47 13 14 86 60 75 46 48 11 10 27 
47 72 70 84 89 28 16 70 70 51 68 70 0 50 49 98 78 37 19 64 100 5 54 
38 11 12 46 42 72 2 53 92 54 9 42 56 0 21 81 16 55 88 23 82 72 39 
16 41 76 48 47 55 99 88 15 10 80 45 6 80 0 55 53 67 41 11 25 89 19 
99 11 23 40 40 45 75 41 78 79 6 82 41 86 98 0 6 60 2 19 80 89 97 
26 42 100 97 75 29 21 60 17 62 67 34 99 67 26 59 0 89 65 67 65 83 76 
43 72 41 71 97 72 81 98 32 95 4 25 24 48 19 71 64 0 67 33 47 32 38 
21 94 87 7 70 1 92 78 100 20 76 6 1 67 100 99 56 23 0 21 59 18 64 
11 21 15 43 26 1 82 27 62 42 19 8 46 12 61 41 95 34 69 0 41 90 7 
13 80 51 55 88 76 84 88 77 8 5 34 35 87 49 80 20 96 57 3 0 56 29 
71 92 47 90 94 85 57 59 44 80 18 84 68 48 83 4 69 44 39 84 54 0 73 
73 69 48 66 6 65 17 14 10 69 82 77 88 95 31 87 89 59 50 53 63 58 0 
