18
0 30 82 57 8 4 19 80 28 52 90 4 13 35 29 17 39 11 
1 0 27 20 6 95 41 85 29 65 54 28 91 48 25 14 66 24 
61 96 0 1 98 68 65 47 100 47 34 98 94 34 68 35 12 80 
14 46 87 0 30 92 21 25 33 23 9 75 72 7 44 13 18 57 
1 21 20 16 0 45 51 15 70 38 25 33 50 45 89 32 30 76 
7 31 54 60 5 0 23 23 33 96 13 64 99 77 46 32 7 8 
3 38 7 20 66 38 0 62 90 33 81 20 54 6 51 4 64 74 
26 35 99 73 38 56 20 0 14 35 88 33 12 86 28 24 85 55 
17 13 10 42 19 70 90 21 0 29 58 41 82 8 8 28 38 25 
26 16 64 80 30 16 30 27 64 0 28 61 48 75 30 95 82 64 
65 6 33 52 56 38 99 78 31 79 0 9 73 58 16 67 3 99 
19 49 22 52 70 51 78 25 25 90 84 0 70 22 3 36 9 37 
31 9 83 100 47 89 43 86 2 35 26 61 0 57 37 17 69 14 
5 92 7 93 79 85 68 18 12 69 71 67 18 0 57 33 85 84 
87 46 13 59 1 66 53 12 98 41 10 32 16 8 0 96 98 70 
1 36 68 35 60 38 73 55 11 55 97 49 8 40 5 0 88 53 
64 16 5 4 38 38 100 95 3 57 91 74 63 65 49 75 0 93 
36 52 63 96 54 92 50 70 85 36 67 80 72 98 65 88 53 0 
