15
0 59 1 13 27 91 3 83 11 7 62 7 86 53 91 
18 0 23 69 6 43 72 80 4 95 41 40 96 49 89 
50 92 0 39 53 45 100 33 1 37 39 4 16 66 12 
57 75 53 0 83 99 73 56 36 41 97 10 80 52 96 
61 35 1 30 0 56 57 10 47 59 71 43 22 93 21 
31 56 100 13 90 0 70 7 79 81 21 43 31 44 5 
42 2 80 45 58 4 0 93 16 90 41 61 47 78 36 
2 35 55 44 5 14 33 0 49 79 81 4 98 56 79 
92 99 25 1 17 9 54 17 0 53 25 61 39 36 93 
5 38 83 53 63 75 8 26 69 0 39 56 76 84 14 
49 85 27 4 30 15 12 19 21 59 0 90 26 4 84 
60 20 22 81 98 47 80 15 1 74 78 0 33 44 5 
91 17 56 73 98 100 35 91 17 25 28 89 0 96 98 
46 27 65 42 3 6 29 61 35 10 15 54 49 0 57 
79 22 21 87 62 2 7 85 87 23 27 21 45 11 0 
