13
0 40 98 21 53 31 8 93 19 16 27 51 83 
32 0 20 57 66 50 17 20 24 60 83 5 21 
95 89 0 75 80 33 29 94 40 50 81 71 76 
44 12 45 0 78 88 14 39 55 22 41 79 97 
72 61 27 52 0 54 75 98 59 43 33 61 50 
80 9 54 60 61 0 68 80 71 44 65 21 74 
19 46 53 66 72 32 0 52 83 71 45 33 97 
54 23 43 51 11 4 76 0 79 75 69 53 68 
57 99 86 27 63 62 58 87 0 21 48 45 51 
74 86 91 34 79 33 68 99 28 0 40 26 24 
41 64 50 75 26 100 75 70 51 66 0 39 72 
75 69 96 26 66 24 54 19 92 28 85 0 15 
20 73 78 4 61 71 73 31 72 98 29 13 0 
