17
0 18 16 77 16 5 46 56 1 79 46 1 40 77 16 81 96 
22 0 39 89 92 88 78 13 31 19 56 60 80 20 50 80 2 
15 47 0 9 90 14 81 37 18 52 82 99 68 35 73 52 52 
37 54 81 0 82 1 60 46 32 52 73 86 62 50 23 13 46 
14 29 74 90 0 52 55 81 28 43 7 36 25 78 12 88 89 
79 76 82 94 94 0 88 6 92 50 35 32 36 21 37 74 75 
73 85 21 85 95 72 0 75 52 11 67 25 39 16 67 68 96 
37 36 21 37 100 28 53 0 27 54 80 66 19 15 48 28 26 
75 54 22 90 94 29 49 5 0 8 32 29 81 100 79 5 57 
90 50 10 95 94 79 79 82 27 0 34 12 98 55 71 6 90 
1 30 69 26 81 60 29 21 51 44 0 30 24 58 49 20 75 
82 14 85 91 28 41 16 21 69 100 45 0 70 78 96 46 20 
54 80 70 84 96 95 16 96 15 37 30 87 0 67 11 62 79 
81 8 30 58 66 42 31 31 100 33 63 75 94 0 6 18 56 
70 60 89 69 64 96 46 15 4 54 87 95 10 67 0 26 24 
24 60 20 31 21 78 29 29 41 35 80 20 34 18 99 0 97 
13 6 9 21 80 93 90 86 18 91 43 43 87 48 39 19 0 
