20
0 79 14 11 37 39 7 28 32 65 78 60 44 59 27 49 59 94 66 1 
43 0 55 41 17 89 33 82 51 64 2 66 61 75 63 81 3 35 88 80 
6 27 0 16 70 78 4 98 100 9 87 32 15 33 20 3 72 28 21 96 
94 46 56 0 49 93 19 58 83 18 13 8 94 78 4 2 53 28 56 41 
88 95 87 61 0 95 99 76 88 9 54 15 30 37 54 93 13 100 50 14 
94 51 10 54 9 0 54 95 53 82 56 70 95 13 89 88 67 22 86 30 
13 60 16 45 1 59 0 76 68 46 4 41 57 40 62 27 70 42 82 63 
13 75 34 50 82 35 29 0 54 79 52 86 86 24 26 11 33 48 67 96 
78 35 59 85 95 86 76 12 0 84 12 29 62 73 59 72 99 38 14 80 
95 33 44 32 40 53 93 69 2 0 59 51 14 70 82 88 57 71 71 21 
21 4 100 14 70 5 100 45 73 92 0 100 16 9 39 37 43 17 13 62 
49 67 57 26 53 24 49 77 93 72 34 0 47 66 96 3 6 87 59 65 
57 62 22 70 61 35 68 9 3 88 36 8 0 26 68 80 83 59 8 37 
8 25 47 32 7 22 69 41 49 71 75 22 11 0 47 56 51 93 60 51 
75 15 65 3 73 70 7 95 3 84 8 15 47 32 0 5 82 41 74 28 
67 48 57 13 17 24 10 71 82 11 32 77 11 47 56 0 50 96 95 15 
44 36 70 53 92 22 28 9 34 91 70 46 26 38 28 48 0 91 27 1 
48 24 80 75 63 72 61 44 54 82 24 60 2 85 32 51 74 0 48 61 
81 70 82 4 92 92 99 15 15 49 82 40 57 37 62 75 99 8 0 18 
12 21 58 78 57 42 63 95 92 19 50 50 13 58 87 24 47 19 71 0 
