27
0 73 38 15 57 95 31 78 41 67 10 36 54 76 45 100 68 10 41 64 44 78 3 22 72 8 10 
5 0 85 38 69 17 46 95 33 70 29 91 91 17 59 80 75 80 97 14 39 68 88 79 65 96 100 
75 62 0 91 45 22 34 26 90 61 48 7 11 70 25 49 24 98 35 18 51 21 90 9 42 61 40 
55 68 54 0 54 24 62 86 23 53 56 83 7 17 42 81 34 93 100 34 89 84 41 51 45 95 55 
89 48 4 38 0 75 25 57 44 86 43 71 12 55 80 44 57 91 94 70 20 45 3 5 44 55 17 
58 14 34 68 1 0 6 12 55 36 33 98 100 41 7 23 80 50 38 2 98 99 91 71 79 64 81 
49 62 80 32 62 81 0 13 56 8 48 60 26 46 68 27 18 14 6 77 5 73 61 94 41 28 70 
95 95 42 59 65 52 34 0 21 21 40 78 37 35 14 7 97 31 64 44 28 51 93 81 52 3 84 
77 71 85 56 76 90 8 60 0 52 12 23 2 14 15 70 39 20 90 73 85 18 55 76 87 49 85 
73 31 41 40 96 69 30 100 95 0 32 66 84 86 35 14 36 79 42 20 52 37 53 34 26 54 64 
98 34 61 59 69 13 5 12 14 44 0 67 19 93 29 14 85 67 10 81 28 31 73 57 21 93 1 
35 67 62 82 32 92 57 74 87 34 41 0 94 83 23 26 99 66 12 88 86 53 78 22 26 76 70 
67 53 100 31 83 64 16 57 72 11 9 16 0 10 15 62 50 60 34 26 93 87 40 11 48 97 12 
43 76 23 87 33 82 19 14 42 71 21 10 100 0 18 94 43 42 26 85 62 58 11 86 12 80 90 
48 69 23 92 100 65 33 22 2 81 42 7 74 86 0 97 78 83 7 74 7 22 64 75 47 23 53 
54 38 36 95 35 21 42 53 94 92 67 55 27 29 40 0 63 32 18 84 72 6 67 86 88 100 72 
8 36 4 49 11 25 99 15 61 1 72 6 8 56 52 55 0 68 100 80 89 60 19 70 6 94 64 
25 23 97 83 8 80 98 77 45 76 41 47 10 13 1 89 59 0 34 34 78 61 50 63 10 70 97 
31 68 94 88 43 98 30 41 56 58 95 91 38 14 1 43 58 53 0 41 92 28 75 15 37 85 15 
88 96 42 4 59 57 68 26 6 7 67 62 84 22 20 7 65 94 64 0 58 29 75 81 13 48 10 
7 87 50 18 3 63 70 74 91 18 96 46 27 46 20 60 94 92 73 10 0 52 96 89 61 42 39 
69 4 38 22 61 40 65 1 86 26 78 50 83 23 57 4 49 84 12 74 41 0 3 17 40 63 52 
96 83 45 59 34 32 85 100 74 47 42 85 59 77 72 44 42 4 35 36 49 29 0 42 62 72 23 
24 83 87 6 79 73 41 62 7 77 27 97 93 46 76 54 24 3 3 23 40 1 70 0 18 6 33 
34 79 15 81 66 77 84 69 53 74 96 68 86 60 60 30 38 42 24 92 40 2 43 42 0 43 32 
41 97 54 82 47 21 76 17 31 12 31 13 8 24 21 77 44 77 43 33 88 55 14 55 4 0 99 
11 55 7 43 87 42 17 75 58 22 43 1 3 60 3 72 49 9 90 97 97 61 5 46 100 5 0 
