22
0 9 72 90 42 76 41 81 88 16 10 58 50 53 15 48 99 29 71 35 64 80 
60 0 42 49 2 57 52 78 38 95 71 99 9 42 45 71 3 56 66 75 78 12 
17 10 0 97 77 63 44 86 53 37 71 63 72 78 6 94 40 92 100 19 15 73 
31 98 58 0 73 54 85 87 70 39 22 18 92 57 57 36 26 65 64 62 61 39 
40 24 83 92 0 44 7 95 10 40 39 35 15 39 13 50 21 11 38 91 97 61 
44 86 3 20 53 0 81 85 15 32 29 84 83 19 71 99 37 34 65 22 84 73 
57 2 41 14 84 9 0 4 11 19 17 82 87 34 95 31 82 21 50 98 9 67 
93 23 89 32 5 29 6 0 38 53 91 53 28 29 16 9 15 22 5 72 53 86 
46 21 74 55 30 73 56 90 0 14 17 62 24 13 30 12 41 19 18 14 22 95 
9 78 89 19 94 16 36 81 44 0 44 45 24 33 73 1 72 70 44 54 38 86 
70 35 100 31 66 58 79 46 62 87 0 18 67 25 20 78 46 89 62 90 80 90 
23 89 84 31 26 77 79 91 46 19 66 0 78 23 52 76 70 93 91 43 48 6 
36 47 31 22 30 12 39 82 44 95 42 66 0 61 52 79 58 54 2 23 90 13 
12 40 88 63 7 44 38 5 40 38 44 22 63 0 82 77 83 92 3 78 53 65 
60 74 27 24 51 60 67 67 42 93 15 29 7 65 0 51 2 96 100 17 45 26 
65 3 25 37 55 20 91 47 7 74 27 60 1 88 97 0 43 70 40 96 38 20 
29 27 31 95 56 92 9 13 28 47 46 5 97 5 76 46 0 34 64 73 24 97 
47 34 21 79 14 17 54 83 75 46 20 68 1 61 19 11 42 0 58 91 13 45 
24 4 45 65 58 24 21 7 11 59 66 52 62 60 81 95 34 53 0 71 19 18 
27 48 84 79 15 4 42 24 3 89 47 22 1 81 71 97 17 88 29 0 63 38 
81 63 36 64 81 8 22 47 30 69 22 29 64 94 66 31 82 47 76 41 0 12 
10 67 46 93 74 48 75 11 85 24 99 32 98 96 66 4 30 73 79 44 92 0 
