21
0 1 80 25 21 32 86 3 20 44 54 19 60 56 94 71 62 3 46 10 69 
34 0 45 49 35 49 96 95 15 17 31 89 18 11 69 30 99 90 89 5 90 
7 86 0 13 53 8 52 16 24 45 41 63 75 50 39 65 74 68 34 30 61 
12 52 81 0 35 22 79 5 88 19 95 33 80 84 56 83 14 40 7 10 45 
59 52 94 49 0 65 58 35 29 10 34 32 12 7 49 7 70 62 49 46 25 
37 30 35 35 96 0 53 16 33 48 57 72 20 58 72 10 91 9 72 44 1 
95 22 86 37 59 50 0 40 23 23 29 40 5 54 71 69 78 36 73 29 57 
12 22 99 21 83 65 44 0 91 28 35 19 1 11 56 36 30 70 35 99 70 
33 97 32 84 84 50 96 77 0 55 8 25 62 60 12 95 65 77 66 56 7 
16 87 61 54 15 69 81 85 93 0 39 70 36 48 42 25 83 1 19 23 13 
40 57 69 89 69 22 67 47 79 45 0 89 19 83 58 10 62 89 93 46 86 
28 16 17 20 24 16 44 13 19 82 92 0 40 77 58 44 69 97 95 36 39 
63 8 84 5 56 62 49 72 86 32 46 80 0 96 72 13 35 85 15 72 50 
8 30 23 65 17 81 95 30 22 100 57 25 100 0 32 100 71 42 1 99 73 
58 58 18 75 59 100 70 35 52 62 18 30 83 8 0 9 97 76 99 58 29 
98 57 63 2 94 97 93 84 31 61 55 71 54 82 61 0 75 35 48 71 27 
43 58 46 86 40 12 49 98 37 92 88 49 99 5 94 77 0 81 19 5 41 
30 83 58 13 20 17 92 76 87 47 45 52 11 3 11 42 63 0 26 85 71 
82 7 2 34 47 38 29 3 97 49 70 29 59 58 15 23 74 43 0 59 75 
94 19 23 72 77 69 58 52 12 21 62 97 58 62 71 61 80 2 20 0 43 
10 13 44 68 90 72 79 6 94 16 93 24 18 34 14 86 88 96 58 34 0 
