14
0 59 78 56 78 88 84 22 21 68 81 86 55 24 
73 0 9 76 28 51 59 73 34 89 29 27 28 38 
35 54 0 18 17 39 73 28 8 89 90 66 100 99 
79 33 34 0 96 32 81 15 44 65 87 56 85 83 
86 57 1 42 0 44 52 2 1 78 72 95 93 56 
62 61 59 69 30 0 16 97 67 23 32 71 13 53 
54 34 26 75 47 72 0 86 80 90 37 38 92 20 
46 100 79 53 88 71 86 0 70 87 76 83 75 96 
66 18 6 24 52 19 71 49 0 32 98 100 74 2 
69 12 50 49 61 8 53 85 59 0 11 94 58 83 
63 100 16 10 42 68 52 85 78 98 0 69 90 55 
16 54 11 82 67 47 52 19 55 78 20 0 70 37 
41 11 31 83 93 18 32 36 17 43 19 72 0 98 
51 28 54 77 53 2 73 28 61 76 88 41 97 0 
