16
0 50 3 24 23 15 56 58 26 97 9 83 5 85 48 62 
1 0 31 15 5 33 69 78 19 57 70 42 36 21 96 49 
6 58 0 81 43 11 53 4 93 69 38 71 34 29 40 91 
52 27 98 0 94 28 34 61 96 76 15 19 37 28 14 15 
6 75 89 90 0 46 59 39 94 91 27 84 44 77 12 60 
48 37 62 17 15 0 42 41 56 88 81 99 38 24 87 92 
35 14 24 11 48 63 0 28 91 78 68 92 30 54 17 26 
40 50 95 17 99 3 61 0 73 93 81 80 49 3 68 43 
61 41 69 8 98 14 40 72 0 4 41 7 20 68 12 95 
97 50 72 57 34 93 22 91 52 0 68 52 100 26 95 91 
26 21 87 11 94 77 13 87 18 50 0 2 75 26 14 86 
35 23 96 43 26 19 36 73 7 48 36 0 42 79 17 66 
24 43 90 39 19 3 76 91 29 74 32 30 0 45 52 15 
66 88 34 54 62 86 13 94 99 2 38 78 32 0 92 65 
20 60 11 87 42 43 68 8 62 64 45 68 4 50 0 77 
61 69 16 51 26 100 78 86 10 17 97 68 80 81 30 0 
