26
0 3 92 91 4 55 52 64 58 79 93 5 96 1 34 41 66 95 25 68 43 76 21 42 97 66 
95 0 69 93 24 30 62 62 80 18 24 5 67 25 73 21 87 52 77 92 9 60 48 9 19 4 
20 84 0 52 81 3 19 35 1 45 62 28 32 77 69 29 85 68 40 97 3 71 24 39 71 39 
40 8 69 0 86 50 8 9 7 47 62 100 12 24 91 63 75 18 89 51 3 89 36 26 48 33 
73 33 82 45 0 81 30 82 51 20 64 77 35 66 20 85 64 10 58 54 60 85 53 97 35 21 
75 71 22 23 32 0 15 52 74 1 44 34 33 60 94 55 83 50 91 18 33 36 3 43 51 42 
83 39 70 33 13 32 0 89 31 21 68 15 84 14 85 1 63 39 1 85 90 92 31 22 78 44 
46 52 54 4 48 62 85 0 10 41 38 26 54 77 45 20 41 59 76 58 88 100 6 20 27 24 
28 67 18 3 49 66 58 2 0 5 57 61 87 7 18 80 74 81 74 45 22 29 85 96 28 70 
45 37 13 97 12 46 14 57 64 0 79 47 63 46 39 100 42 54 73 52 34 90 55 83 31 13 
5 67 65 43 93 69 97 70 93 24 0 30 18 14 78 69 12 8 23 50 55 70 19 48 45 100 
83 47 49 74 74 51 4 46 92 64 49 0 56 11 64 8 49 18 21 95 90 26 68 100 67 67 
80 37 76 3 79 17 66 5 65 86 53 24 0 47 27 80 65 91 36 50 19 44 96 92 89 65 
70 15 65 89 71 79 39 78 7 28 32 62 18 0 56 56 2 1 89 38 57 25 76 30 98 8 
50 15 50 57 34 19 83 80 40 99 42 30 28 7 0 88 94 10 14 95 53 81 58 48 68 53 
86 90 27 1 83 89 44 80 61 59 8 88 2 47 33 0 25 100 1 1 95 27 10 61 82 57 
72 50 17 77 20 64 97 42 25 57 80 5 88 28 73 47 0 58 57 25 84 81 48 46 5 51 
35 51 100 91 49 17 37 66 29 65 71 53 80 86 9 44 26 0 67 54 6 57 8 67 34 35 
9 23 29 81 56 84 72 41 69 12 37 38 66 94 81 28 20 70 0 69 73 59 86 33 2 80 
71 4 63 5 40 74 26 37 65 90 97 82 38 52 14 75 29 38 15 0 90 65 57 86 42 60 
74 50 100 11 45 14 31 85 70 21 69 22 75 48 28 97 82 4 1 35 0 14 79 31 1 3 
76 63 56 41 57 51 40 29 17 9 15 40 78 58 34 4 80 75 32 97 66 0 2 62 75 13 
63 8 52 47 89 26 64 22 71 4 79 89 28 58 82 58 95 66 46 37 27 8 0 30 28 51 
60 76 75 4 50 58 77 2 87 60 23 63 18 100 65 42 78 57 55 49 10 1 31 0 9 60 
59 56 70 46 23 96 97 57 11 25 4 64 42 92 94 6 39 67 31 75 85 52 18 44 0 96 
51 84 43 38 65 52 61 14 22 41 67 81 20 26 71 43 24 9 92 93 24 57 91 57 30 0 
